llama-adapter-v2-mvsa-s-2-prompt:686.0766386985779
llama-adapter-v2-mvsa-m-2-prompt:2316.7362945079803
llama-adapter-v2-mvsa-s-2-prompt:898.5164804458618
llama-adapter-v2-mvsa-m-2-prompt:3427.9644758701324
llama-adapter-v2-t2015-2-instruction4:1546.161574602127
llama-adapter-v2-t2015-2-instruction4:535.381893157959
llama-adapter-v2-t2017-2-instruction4:659.0174796581268
llama-adapter-v2-t2015-2-prompt:478.9153697490692
llama-adapter-v2-t2017-2-prompt:585.6868939399719
llama-adapter-v2-t2015-2-prompt:484.6642677783966
llama-adapter-v2-t2017-2-prompt:572.7999291419983
llama-adapter-v2-t2015-2-instruction4:1139.4464237689972
llama-adapter-v2-t2017-2-instruction4:1392.7965450286865
llama-adapter-v2-t2015-2-prompt:797.1286447048187
llama-adapter-v2-t2017-2-prompt:948.9386706352234
llama-adapter-v2-t2015-2-prompt:1350.5001168251038
llama-adapter-v2-t2017-2-prompt:1590.9822301864624
llama-adapter-v2-t2015-2-prompt:782.6731731891632
llama-adapter-v2-t2017-2-prompt:987.8819751739502
llama-adapter-v2-t2015-2-prompt:781.9059500694275
llama-adapter-v2-t2017-2-prompt:822.1050255298615
llama-adapter-v2-mvsa-m-2-prompt:1982.679960489273
llama-adapter-v2-mvsa-m-2-prompt:1865.2162728309631
llama-adapter-v2-t2015-anps-prompt:1066.1658194065094
llama-adapter-v2-t2017-anps-prompt:1124.9616420269012
llama-adapter-v2-t2015-2-prompt:2158.2114968299866
llama-adapter-v2-t2017-2-prompt:2466.7150864601135
llama-adapter-v2-mvsa-s-2-prompt:1542.2686014175415
llama-adapter-v2-mvsa-m-2-prompt:6071.262329339981
llama-adapter-v2-mvsa-s-2-prompt:4239.117067098618
llama-adapter-v2-mvsa-s-2-prompt:538.6256189346313
llama-adapter-v2-mvsa-m-2-prompt:10494.15095281601
llama-adapter-v2-mvsa-m-2-prompt:2719.827425479889
llama-adapter-v2-t2015-2-prompt:3791.00142455101
llama-adapter-v2-t2017-2-prompt:4391.995814800262
llama-adapter-v2-t2015-2-prompt:1066.022469997406
llama-adapter-v2-t2017-2-prompt:1183.6171572208405
llama-adapter-v2-masad-2-instruction4:3646.4283084869385
llama-adapter-v2-masad-anps-prompt:4453.272632360458
llama-adapter-v2-masad-2-prompt:8846.15022778511
llama-adapter-v2-masad-2-prompt:5325.655253410339
llama-adapter-v2-masad-2-prompt:1713.6814210414886
